7 22 43
562
562
-177
42567
38923
7627
14337
437
20646
262
262
262
919
518
518
518
24971
340
340
888
888
241
352
352
352
352
433
433
12343
41562
6348
6348
12479
773
31865
610
20541
7929
1235
686
21636
371
322
533
27590
8787
710
31451
579
482
10638
552
552
12325
892
409
877
7558
34440
3515
846
846
34006
540
553
41192
6796
4929
4929
4864
8334
4321
40207
1886
757
757
23435
217
203
203
14689
513
513
513
41269
24234
26478
28184
31722
654
874
874
485
485
485
364
366
366
20518
995
995
4766
4766
11029
3239
180
20845
205
2858
5549
323
239
124
9239
9239
7357
463
463
463
817
817
289
289
33773
23228
7685
39274
14327
561
34119
7538
692
770
716
41270
119
119
39358
29064
693
12533
432
72
72
72
72
72
72
72
72
72
72
72
72
72
72
72
72
72
9044
31351
4005
2655
25802
140
140
8730
8730
9920
32156
7049
812
5687
443
443
1694
1694
26935
39
39
39
39
39
39
39
39
39
39
39
39
39
39
20420
127
329
329
7151
23854
29185
5131
281
4540
5888
5888
7530
10236
6925
4355
33170
338
120
120
454
454
8977
2440
17509
8173
4179
10301
4334
13036
5350
675
3418
3319
3319
768
768
737
14589
448
448
18275
189
711
35075
879
2092
22483
1448
31296
6085
23069
534
534
5023
2998
24807
156
8397
5375
934
934
934
580
580
580
4408
461
461
35142
31252
42358
8505
39692
511
14421
7227
7656
7656
33734
19254
27074
784
784
11240
33971
2249
36253
1223
37447
525
42673
8417
660
878
868
2462
187
8426
24277
5363
22128
5427
173
557
652
1225
36158
19548
1025
31784
543
543
838
838
838
1716
15488
406
406
524
936
496
480
684
11893
3503
20496
11329
105
10943
10943
836
36239
2506
23587
9208
7435
6294
8900
129
6736
928
9202
9202
-17000
-17000
-17000
-17000
-17000
-17000
-17000
-17000
-17000
-17000
-17000
-17000
-17000
-17000
-17000
-17000
-17000
-17000
-17000
-17000
-17000
-17000
-17000
21051
21071
37145
852
774
774
558
478
519
657
657
191
191
191
901
901
901
864
102
27983
186
44
44
44
44
44
44
44
44
44
44
44
44
44
44
44
44
44
44
44
44
44
44
758
758
4970
4687
4687
69
69
69
69
69
69
69
69
69
69
69
69
69
69
69
69
69
69
69
69
69
69
69
69
69
69
15040
97
97
97
97
97
97
97
97
97
97
97
97
97
97
97
34624
986
986
21238
83
83
83
83
83
83
83
83
83
83
83
83
83
279
279
872
3435
162
24053
19435
26821
199
1375
36943
26819
6187
3940
358
5374
21737
12040
469
469
22656
3276
178
178
4475
174
24442
739
7954
17506
6972
801
41181
4322
372
404
404
798
798
14512
42690
748
748
3528
7549
23573
154
154
6314
15639
875
875
7090
1053
6301
6301
824
636
5151
5151
7175
91
91
91
91
91
91
91
91
91
91
91
91
4281
53
53
53
53
53
53
53
53
53
53
53
53
53
53
53
53
53
53
766
13633
1165
29389
1175
2613
3436
945
36332
5188
4259
33833
582
582
26885
546
546
568
29050
14686
9329
24901
5941
4125
10959
702
45
45
45
45
45
45
45
45
45
45
45
45
45
45
45
45
515
515
17358
21743
5272
727
727
1897
541
9527
26286
4900
475
367
6777
11154
655
23881
581
581
913
18419
3930
3930
209
209
37275
883
1487
42332
508
38636
19618
455
280
6586
849
819
39825
8146
876
15750
29074
33755
33755
7260
1680
2049
1995
624
8664
34120
551
931
335
335
978
978
2193
15067
25040
818
3865
33
33
33
33
33
33
33
33
33
33
33
33
33
33
33
897
897
897
213
40650
11206
226
226
703
389
389
603
29592
27968
467
26452
653
40330
2022
7876
7015
23167
3814
34515
378
523
5965
24426
761
7225
31344
267
31362
414
642
40893
5969
777
777
777
752
752
752
752
9983
26
26
26
26
26
26
26
26
26
26
26
26
26
26
26
26
547
547
547
633
17609
24038
3371
825
4051
489
7458
25643
269
269
269
316
1335
7332
34041
5311
33351
40
40
40
40
40
40
40
40
40
40
40
40
40
40
40
40
40
40
258
5343
137
-1700
-1700
-1700
-1700
-1700
-1700
-1700
-1700
-1700
-1700
-1700
-1700
-1700
-1700
-1700
-1700
-1700
-1700
-1700
29977
34269
923
632
779
779
779
779
932
932
932
172
430
430
13446
10231
535
24133
816
816
368
368
184
628
5609
351
9814
2126
330
29406
21375
791
791
40865
41607
347
5763
318
33396
19796
977
40409
20784
381
381
907
751
751
751
751
9301
8950
19180
136
136
325
24506
297
42700
4000
822
7306
4829
704
789
211
211
4786
17683
17683
238
587
851
8777
665
28884
20393
616
31070
577
577
873
24641
2974
1808
420
420
420
29242
2141
7510
18159
1340
255
255
810
810
3116
2045
2244
495
346
670
670
671
380
521
918
8710
41217
729
2316
1393
763
763
3765
980
6697
274
19159
362
575
8632
426
3309
19778
1231
95
95
95
95
95
95
95
95
95
95
95
95
95
95
95
95
95
95
95
95
95
95
95
95
95
826
595
2582
244
244
15837
545
2273
33694
25658
6171
5679
623
319
319
319
18119
831
861
31493
25174
4464
32048
795
31969
3691
589
7774
148
148
370
370
370
34062
58
58
58
58
58
58
58
58
58
58
6569
2771
740
740
910
910
5139
19820
3601
4036
7646
125
210
4069
17619
516
516
132
3426
1639
1639
1639
4820
295
295
145
746
786
385
385
385
762
762
762
20413
3481
408
954
954
1359
159
159
10268
188
2285
2285
8039
5009
5009
1369
7079
5517
27862
288
638
638
507
12648
9900
1479
29302
22033
7973
7957
42461
927
37964
11053
12880
970
970
970
889
20763
2501
38587
2198
28749
38140
15885
149
149
590
590
2735
8852
8852
440
201
201
7504
4910
37768
9090
1074
31942
1242
1720
386
386
891
393
393
344
605
34880
30221
2552
3354
399
399
399
5238
6760
5056
5056
30968
981
981
981
981
305
793
793
343
343
395
520
520
520
169
356
764
19508
953
953
491
880
29781
41
41
41
41
41
41
41
41
41
41
41
41
483
483
6476
942
942
26878
18149
34143
271
856
505
14298
15554
604
604
8832
266
1984
488
488
-17
-17
-17
-17
-17
-17
-17
-17
-17
-17
-17
-17
-17
2939
-170
-170
-170
-170
-170
-170
-170
-170
-170
-170
-170
-170
-170
-170
-170
-170
-170
-170
-170
-170
-170
-170
-170
-170
-170
-170
-170
-170
-170
-170
-170
-170
-170
-170
-170
-170
-170
-170
-170
-170
-170
-170
-170
-170
-170
-170
-170
-170
-170
-170
-170
-170
4456
212
18439
5953
22961
503
569
569
208
12006
23447
690
709
494
416
512
631
9022
772
22465
23974
8091
8091
37302
7102
101
286
33599
606
606
357
2637
34147
42569
2359
8920
342
556
12868
991
991
32245
35354
688
35331
19271
1959
1959
270
649
42280
11297
8243
28163
24102
9939
1660
1660
458
22505
741
310
310
3914
930
930
40138
22686
672
672
672
23772
862
41309
6565
10964
30461
594
16892
609
609
853
13237
40996
504
7678
559
285
1981
431
33812
107
781
724
5637
36095
783
40691
34
34
34
34
34
34
34
34
34
34
34
34
902
902
902
1859
15314
5330
268
268
268
3708
25265
25265
912
26280
234
234
6269
171
171
621
621
621
6693
42141
583
7075
