6 46 46
988
28472
77
13360
69
4408
84
172
781
39
3939
7210
728
15
560
876
8422
107
669
2349
692
707
356
7212
643
273
663
1067
5815
721
379
950
3177
13341
19481
1409
8733
239
8256
344
6709
5271
322
6638
82
176
727
471
471
978
4326
18126
833
8472
127
26
982
2509
512
846
27137
33422
429
12341
5266
598
75
22903
640
364
2684
36417
620
1706
457
112
87
87
34169
16346
43
295
4297
2780
602
427
649
57
57
817
4013
327
309
4035
54
54
54
355
747
45
6206
2313
489
3044
111
8787
58
93
93
21438
24143
44
44
72
72
861
51
51
12681
90
39465
5675
272
48
48
5780
18453
890
396
-170
-170
-170
-170
-170
-170
-170
-170
-170
-170
-170
28198
28
36988
24456
809
809
809
94
94
94
25665
2877
196
521
23536
2840
37572
119
18157
27740
98
23020
26109
873
182
36
62
-17000
-17000
-17000
-17000
5729
3879
41586
17104
10898
595
595
722
223
223
4024
648
8910
445
445
824
85
449
987
838
455
836
49
49
49
88
190
32
38084
5573
22482
234
21341
8951
6625
415
528
68
159
55
55
46
46
46
711
27307
242
41685
-17
3473
15578
8465
780
5595
12
35906
36968
29999
167
32531
26579
976
12211
-1700
-1700
-1700
-1700
-1700
67
108
6125
664
40295
34385
39187
19898
864
300
240
1677
2089
33271
442
442
